Level1: 10.453
Level2: 20.35435
Level3: 30.35435
